#syr
1986
#eyr
2012
#surv
0.618783
#rho
0.73
#alpha
10.97
#agek
3
#nage
12
#wa
 1.46969 6.84898 13.9965 20.851 26.5151 30.8351 33.9789 36.2016 37.7446 38.803 39.5234 40.0113
#yt
 269.811 263.743 202.667 200.743 233.312 212.074 144.416 202.496 98.6938 106.055 126.194 87.7195 113.304 91.3703 155.978 72.4985 103.937 122.954 137.345 102.265 68.9178 108.759 131.571 102.576 170.107 130.273 209.825
#ct
 11070.7 20758.5 27766.8 32603.6 43020.1 50785.1 57170.1 51752.6 47061.5 41973.4 38751.7 39112.4 39627.8 38159.7 36028.3 33850.8 32918.6 32420.7 30544.3 24308.4 22416.1 20892.3 19864.3 18556.6 21625.3 23718.4 24711.9
#wbar
 16.3539 16.5788 16.0201 14.9195 13.4695 12.0082 11.4769 11.2516 11.6854 11.2516 10.1485 10.0812 10.6563 10.8119 11.0641 10.5123 10.358 11.03 10.5603 10.7554 10.6417 10.5355 10.6961 10.7647 11.7253 12.4667 12.3763
#eof
999
